0 0
1 0
2 0
3 0
4 0
5 0
6 0
7 0
8 0
9 0
10 0
11 0
12 0
13 0
14 0
15 7.72611e-05
16 0.000602225
17 0.0013274
18 0.0021582
19 0.00365107
20 0.00729011
21 0.0106024
22 0.0177028
23 0.0269873
24 0.0655606
25 0.104964
26 0.10793
27 0.162714
28 0.178536
29 0.169884
30 0.0650391
31 0.0167141
32 0.00730091
33 0.00560084
34 0.00563044
35 0.0165091
36 0.00877827
37 0.00348565
38 0.00340229
39 0.00173545
40 0.00129607
41 0.000947231
42 0.00103321
43 0.000562881
44 0.000662596
45 0.000364753
46 0.000311525
47 0.00019948
48 0.000272456
49 0.000138058
50 0
51 0
52 2.69399e-05
53 0
54 0
55 0
56 0
57 0
58 0
59 0
60 0
61 0
62 0
63 0
64 0
65 0
66 0
67 0
68 0
69 0
70 0
71 0
72 0
73 0
74 0
75 0
76 0
77 0
78 0
79 0
80 0
81 0
82 0
83 0
84 0
85 0
86 0
87 0
88 0
89 0
90 0
91 0
92 0
93 0
94 0
95 0
96 0
97 0
98 0
99 0
