0 0.000137711
1 1.28589e-06
2 5.89126e-06
3 5.61973e-06
4 6.55651e-06
5 5.98629e-06
6 0
7 2.73568e-06
8 0
9 3.21571e-06
10 5.22601e-06
11 4.39978e-06
12 0
13 6.23455e-06
14 1.38287e-06
15 0
16 1.36221e-05
17 0.000354831
18 0.000483727
19 0.000124197
20 0.000154142
21 0.000193116
22 0.000421551
23 0.000936361
24 0.00118996
25 0.00182178
26 0.00473923
27 0.00688979
28 0.00768074
29 0.00976204
30 0.0103468
31 0.00999258
32 0.0103035
33 0.01251
34 0.0163783
35 0.0203307
36 0.0244684
37 0.0307448
38 0.0411376
39 0.0587467
40 0.0908557
41 0.129639
42 0.130693
43 0.101229
44 0.0759601
45 0.0589375
46 0.0466066
47 0.0347819
48 0.0238366
49 0.0152854
50 0.0105064
51 0.00534765
52 0.0030238
53 0.00168041
54 0.000818555
55 0.000342007
56 0.000271126
57 0.000146769
58 6.48349e-05
59 3.28698e-05
60 1.65508e-05
61 2.41372e-06
62 1.26359e-06
63 3.44651e-06
64 0
65 0
66 0
67 0
68 3.55415e-06
69 0
70 0
71 0
72 0
73 0
74 0
75 0
76 0
77 0
78 0
79 2.4496e-06
80 0
81 0
82 0
83 0
84 0
85 0
86 0
87 0
88 0
89 0
90 0
91 0
92 0
93 0
94 0
95 0
96 0
97 0
98 0
99 0
