0 0
1 0
2 0
3 0
4 0
5 0
6 0
7 0
8 0
9 0
10 0
11 0
12 0
13 0
14 0
15 0
16 2.85559e-06
17 1.73269e-05
18 6.25153e-05
19 0.000161901
20 0.000471293
21 0.00122395
22 0.00280479
23 0.00489129
24 0.00823686
25 0.0126983
26 0.0203314
27 0.0266021
28 0.0289345
29 0.0259953
30 0.024836
31 0.025408
32 0.0280836
33 0.0317674
34 0.035875
35 0.0382648
36 0.0410191
37 0.0434104
38 0.0473763
39 0.0506651
40 0.0504966
41 0.0539932
42 0.0624504
43 0.0569792
44 0.049565
45 0.045259
46 0.0425726
47 0.0379141
48 0.0314749
49 0.0243606
50 0.0205783
51 0.0144085
52 0.00659602
53 0.0022436
54 0.00104623
55 0.000422941
56 0.000243673
57 0.000122138
58 5.35246e-05
59 4.23447e-05
60 1.99909e-05
61 1.00285e-05
62 3.1091e-06
63 3.823e-06
64 0
65 0
66 0
67 0
68 0
69 0
70 0
71 0
72 0
73 0
74 0
75 0
76 0
77 0
78 0
79 0
80 0
81 0
82 0
83 0
84 0
85 0
86 0
87 0
88 0
89 0
90 0
91 0
92 0
93 0
94 0
95 0
96 0
97 0
98 0
99 0
