0 0
1 0
2 0
3 0
4 0
5 0
6 0
7 0
8 0
9 0
10 0
11 0
12 0
13 4.802e-05
14 0.000425807
15 0.000413792
16 0.00215319
17 0.00162761
18 0.00474196
19 0.00859347
20 0.0133604
21 0.0222069
22 0.0338046
23 0.0430244
24 0.072249
25 0.109998
26 0.185011
27 0.200657
28 0.114153
29 0.0694149
30 0.0326155
31 0.0197165
32 0.0143763
33 0.00954753
34 0.00990271
35 0.00990738
36 0.00738639
37 0.00524031
38 0.00459031
39 0.00158381
40 0.00127669
41 0.00101353
42 0.000378924
43 0.00043494
44 4.07135e-05
45 0.000103793
46 0
47 0
48 0
49 0
50 0
51 0
52 0
53 0
54 0
55 0
56 0
57 0
58 0
59 0
60 0
61 0
62 0
63 0
64 0
65 0
66 0
67 0
68 0
69 0
70 0
71 0
72 0
73 0
74 0
75 0
76 0
77 0
78 0
79 0
80 0
81 0
82 0
83 0
84 0
85 0
86 0
87 0
88 0
89 0
90 0
91 0
92 0
93 0
94 0
95 0
96 0
97 0
98 0
99 0
