0 0
1 0
2 0
3 0
4 6.9851e-07
5 0
6 0
7 0
8 0
9 0
10 0
11 0
12 7.20002e-07
13 2.13919e-06
14 1.17605e-06
15 4.94531e-06
16 5.13002e-06
17 1.48098e-06
18 4.65919e-06
19 1.43349e-05
20 3.79412e-05
21 9.12193e-05
22 0.00023872
23 0.000498498
24 0.000887651
25 0.00148605
26 0.00226961
27 0.00317024
28 0.00435648
29 0.0055632
30 0.00719166
31 0.00985609
32 0.0136944
33 0.0187925
34 0.0255263
35 0.0349633
36 0.0445233
37 0.0521282
38 0.0619595
39 0.0715701
40 0.0832793
41 0.101363
42 0.104764
43 0.0813799
44 0.0550529
45 0.0409771
46 0.0357485
47 0.0230471
48 0.021184
49 0.0261835
50 0.0170003
51 0.00963081
52 0.00809327
53 0.00534067
54 0.0105227
55 0.0102911
56 0.00507479
57 0.000638034
58 0.000473486
59 0.000317477
60 0.000222467
61 0.000167986
62 0.000126348
63 0.000113001
64 8.58059e-05
65 4.31028e-05
66 1.59609e-05
67 1.03709e-05
68 3.62352e-06
69 3.0271e-06
70 1.24657e-06
71 0
72 1.39366e-06
73 0
74 0
75 0
76 0
77 0
78 0
79 0
80 1.7718e-06
81 0
82 0
83 0
84 0
85 0
86 0
87 0
88 0
89 0
90 0
91 0
92 0
93 0
94 0
95 0
96 0
97 1.34866e-06
98 0
99 0
