0 0
1 0
2 0
3 0
4 0
5 0
6 0
7 0
8 0
9 0
10 0
11 0
12 0
13 0
14 0
15 0
16 2.33822e-06
17 6.64836e-06
18 5.1595e-05
19 0.000385318
20 0.00106671
21 0.00208268
22 0.00424383
23 0.00746639
24 0.0112306
25 0.0152272
26 0.0198271
27 0.023935
28 0.0298931
29 0.0323683
30 0.04613
31 0.0703303
32 0.137128
33 0.177704
34 0.118361
35 0.0798832
36 0.0558625
37 0.0391204
38 0.0332783
39 0.024073
40 0.0193556
41 0.0161112
42 0.0124065
43 0.0080309
44 0.00465301
45 0.00345664
46 0.00217246
47 0.00110533
48 0.000606508
49 0.000558434
50 0.000473216
51 0.000367453
52 0.000321656
53 0.000296096
54 0.000161093
55 6.33303e-05
56 7.75657e-05
57 5.37439e-05
58 2.8573e-05
59 2.67918e-05
60 9.94048e-06
61 6.68956e-06
62 0
63 0
64 0
65 0
66 0
67 0
68 0
69 0
70 0
71 0
72 0
73 0
74 0
75 0
76 0
77 0
78 0
79 0
80 0
81 0
82 0
83 0
84 0
85 0
86 0
87 0
88 0
89 0
90 0
91 0
92 0
93 0
94 0
95 0
96 0
97 0
98 0
99 0
